idx iface acct_tag_hex uid_tag_int cnt_set rx_bytes rx_packets tx_bytes tx_packets rx_tcp_bytes rx_tcp_packets rx_udp_bytes rx_udp_packets rx_other_bytes rx_other_packets tx_tcp_bytes tx_tcp_packets tx_udp_bytes tx_udp_packets tx_other_bytes tx_other_packets
2 wlan0 0x0 0 0 12744 141 7893 117 2560 64 8304 55 1880 22 1120 28 4625 55 2148 34
3 wlan0 0x0 0 1 0 0 0 0 0 0 0 0 0 0 0 0 0 0 0 0
4 wlan0 0x0 1000 0 3166 26 3690 26 1958 22 1208 4 0 0 3690 26 0 0 0 0
5 wlan0 0x0 1000 1 0 0 0 0 0 0 0 0 0 0 0 0 0 0 0 0
6 wlan0 0x0 10005 0 5915 15 1482 15 5915 15 0 0 0 0 1482 15 0 0 0 0
7 wlan0 0x0 10005 1 0 0 0 0 0 0 0 0 0 0 0 0 0 0 0 0
8 wlan0 0x0 10010 0 80 2 280 7 80 2 0 0 0 0 280 7 0 0 0 0
9 wlan0 0x0 10010 1 0 0 0 0 0 0 0 0 0 0 0 0 0 0 0 0
10 wlan0 0x0 10013 0 1065 5 796 5 1065 5 0 0 0 0 796 5 0 0 0 0
11 wlan0 0x0 10013 1 10942169 7694 341054 4632 10941546 7687 623 7 0 0 340431 4625 623 7 0 0
12 wlan0 0x0 10014 0 4823 14 1459 14 4823 14 0 0 0 0 1459 14 0 0 0 0
13 wlan0 0x0 10014 1 0 0 0 0 0 0 0 0 0 0 0 0 0 0 0 0
14 wlan0 0x0 10029 0 6636112 4535 96551 2232 6636006 4533 106 2 0 0 93609 2228 2942 4 0 0
15 wlan0 0x0 10029 1 184733 153 6836 90 184733 153 0 0 0 0 6836 90 0 0 0 0
16 wlan0 0x0 10052 0 4210 9 904 10 4210 9 0 0 0 0 904 10 0 0 0 0
17 wlan0 0x0 10052 1 0 0 0 0 0 0 0 0 0 0 0 0 0 0 0 0
18 wlan0 0x0 10066 0 4761 9 1017 11 4761 9 0 0 0 0 1017 11 0 0 0 0
19 wlan0 0x0 10066 1 0 0 0 0 0 0 0 0 0 0 0 0 0 0 0 0
20 wlan0 0x0 10071 0 6249 10 1206 12 6249 10 0 0 0 0 1206 12 0 0 0 0
21 wlan0 0x0 10071 1 0 0 0 0 0 0 0 0 0 0 0 0 0 0 0 0
22 wlan0 0x0 10076 0 36355 70 11060 79 36355 70 0 0 0 0 11060 79 0 0 0 0
23 wlan0 0x0 10076 1 0 0 0 0 0 0 0 0 0 0 0 0 0 0 0 0
24 wlan0 0x0 10084 0 0 0 200 5 0 0 0 0 0 0 200 5 0 0 0 0
25 wlan0 0x0 10084 1 1814698 1439 63978 1053 1814698 1439 0 0 0 0 63978 1053 0 0 0 0
26 wlan0 0x3000040100000000 10013 0 0 0 0 0 0 0 0 0 0 0 0 0 0 0 0 0
27 wlan0 0x3000040100000000 10013 1 5563 12 5968 12 5563 12 0 0 0 0 5968 12 0 0 0 0
28 wlan0 0x3000040700000000 10013 0 983 3 716 3 983 3 0 0 0 0 716 3 0 0 0 0
29 wlan0 0x3000040700000000 10013 1 4667 23 4750 20 4667 23 0 0 0 0 4750 20 0 0 0 0
30 wlan0 0x3000040800000000 10013 0 0 0 0 0 0 0 0 0 0 0 0 0 0 0 0 0
31 wlan0 0x3000040800000000 10013 1 103107 100 25702 58 103107 100 0 0 0 0 25702 58 0 0 0 0
32 wlan0 0x3000040b00000000 10013 0 0 0 0 0 0 0 0 0 0 0 0 0 0 0 0 0
33 wlan0 0x3000040b00000000 10013 1 6203 11 1502 9 6203 11 0 0 0 0 1502 9 0 0 0 0
34 wlan0 0x3000090000000000 10013 0 0 0 0 0 0 0 0 0 0 0 0 0 0 0 0 0
35 wlan0 0x3000090000000000 10013 1 623 7 623 7 0 0 623 7 0 0 0 0 623 7 0 0
36 wlan0 0x3000100300000000 10013 0 0 0 0 0 0 0 0 0 0 0 0 0 0 0 0 0
37 wlan0 0x3000100300000000 10013 1 11774 35 29505 34 11774 35 0 0 0 0 29505 34 0 0 0 0
38 wlan0 0x3000120300000000 10013 0 0 0 0 0 0 0 0 0 0 0 0 0 0 0 0 0
39 wlan0 0x3000120300000000 10013 1 80309 89 21240 69 80309 89 0 0 0 0 21240 69 0 0 0 0
40 wlan0 0x3000180300000000 10013 0 0 0 0 0 0 0 0 0 0 0 0 0 0 0 0 0
41 wlan0 0x3000180300000000 10013 1 382290 288 31729 214 382290 288 0 0 0 0 31729 214 0 0 0 0
42 wlan0 0x3000300000000000 10013 0 0 0 0 0 0 0 0 0 0 0 0 0 0 0 0 0
43 wlan0 0x3000300000000000 10013 1 2400 24 22926 25 2400 24 0 0 0 0 22926 25 0 0 0 0
44 wlan0 0x3000310000000000 10013 0 0 0 0 0 0 0 0 0 0 0 0 0 0 0 0 0
45 wlan0 0x3000310000000000 10013 1 1568 6 1316 7 1568 6 0 0 0 0 1316 7 0 0 0 0
46 wlan0 0x31065fff00000000 10013 0 0 0 0 0 0 0 0 0 0 0 0 0 0 0 0 0
47 wlan0 0x31065fff00000000 10013 1 8910 35 25302 35 8910 35 0 0 0 0 25302 35 0 0 0 0
48 wlan0 0xffffff0100000000 10005 0 5915 15 1482 15 5915 15 0 0 0 0 1482 15 0 0 0 0
49 wlan0 0xffffff0100000000 10005 1 0 0 0 0 0 0 0 0 0 0 0 0 0 0 0 0
50 wlan0 0xffffff0100000000 10013 0 82 2 80 2 82 2 0 0 0 0 80 2 0 0 0 0
51 wlan0 0xffffff0100000000 10013 1 10210830 6956 164753 4056 10210830 6956 0 0 0 0 164753 4056 0 0 0 0
52 wlan0 0xffffff0100000000 10029 0 6604694 4486 89544 2191 6604694 4486 0 0 0 0 89544 2191 0 0 0 0
53 wlan0 0xffffff0100000000 10029 1 0 0 0 0 0 0 0 0 0 0 0 0 0 0 0 0
54 radio0 0x0 0 0 974 9 1214 20 0 0 670 6 304 3 0 0 406 6 808 14
55 radio0 0x0 0 1 0 0 0 0 0 0 0 0 0 0 0 0 0 0 0 0
56 radio0 0x0 1000 0 3376 11 1445 14 3300 10 76 1 0 0 1305 12 76 1 64 1
57 radio0 0x0 1000 1 0 0 0 0 0 0 0 0 0 0 0 0 0 0 0 0
58 radio0 0x0 10013 0 0 0 0 0 0 0 0 0 0 0 0 0 0 0 0 0
59 radio0 0x0 10013 1 623 7 623 7 0 0 623 7 0 0 0 0 623 7 0 0
60 radio0 0x3000090000000000 10013 0 0 0 0 0 0 0 0 0 0 0 0 0 0 0 0 0
61 radio0 0x3000090000000000 10013 1 623 7 623 7 0 0 623 7 0 0 0 0 623 7 0 0

